Multiple size <= 100
TEST 1 ARG:71 86 42 17 53 25 5 69 88 50 41 67 48 73 38 19 97 52 66 44 51 60 96 62 4 40 35 58 57 22 99 18 46 47 36 72 7 21 74 28 70 37 64 6 68 85 49 61 55 87 83 82 65 26 14 93 34 79 0 75 92 9 56 16 81 54 1 3 27 23 15 33 45 29 95 98 84 39 8 43 31 90 10 76 2 89 94 63 77 30 32 91 24 12 59 13 20 11 78 80
TEST 2 ARG:12 42 26 92 14 60 53 13 36 24 96 70 74 4 47 6 39 66 68 30 2 94 99 32 52 38 97 41 88 65 63 34 17 31 37 59 85 1 7 22 93 62 95 25 21 3 20 23 73 56 8 9 76 55 82 44 64 77 54 48 80 87 40 69 27 90 0 35 81 71 58 83 98 11 16 51 79 28 67 86 75 45 46 15 19 57 18 49 50 91 72 10 33 89 5 61 78 84 29 43
TEST 3 ARG:32 1 64 28 5 56 62 14 95 82 7 85 60 67 46 35 25 71 93 12 6 20 94 96 73 34 23 43 97 78 98 37 24 48 38 26 47 86 15 19 41 66 21 50 99 33 49 9 76 58 74 84 36 92 61 83 16 2 22 44 91 77 57 42 55 53 10 3 89 54 17 79 90 0 68 63 39 80 18 11 87 69 72 70 31 81 27 13 65 59 29 8 52 40 4 75 45 30 88 51
TEST 4 ARG:75 19 31 42 74 88 89 68 63 26 14 84 9 23 10 65 69 61 51 86 95 48 72 58 83 15 73 27 71 87 53 29 33 90 60 82 25 47 97 2 32 0 50 11 6 94 66 5 98 81 17 85 52 99 45 92 16 91 40 18 78 43 7 44 62 36 54 22 20 21 76 59 57 77 38 93 35 28 55 1 12 3 41 4 70 67 56 39 8 24 13 30 46 96 49 80 64 37 34 79
TEST 5 ARG:42 47 87 93 38 45 66 7 21 67 32 19 3 74 80 56 94 86 88 30 53 92 78 35 23 58 73 61 60 43 91 29 22 99 44 71 84 31 4 16 69 25 0 6 49 52 51 62 50 75 57 79 5 48 85 10 98 83 13 89 20 82 65 72 9 97 95 37 70 40 64 2 26 12 33 54 68 39 55 18 27 96 77 11 17 28 76 63 41 1 81 15 36 24 14 8 34 46 90 59
TEST 6 ARG:83 84 25 37 82 72 60 94 43 87 10 96 97 79 76 63 69 24 21 78 19 6 93 4 32 20 65 5 34 54 67 35 14 46 7 53 41 89 13 47 64 74 59 22 12 51 48 99 39 42 18 31 16 50 33 90 55 2 52 29 56 75 38 9 81 71 15 92 70 61 44 95 26 66 3 80 45 30 40 62 11 0 17 36 86 27 85 73 88 1 68 8 58 77 28 23 49 98 57 91
TEST 7 ARG:65 40 3 25 94 45 51 9 53 59 66 34 85 35 4 93 99 14 39 60 77 75 61 56 92 27 89 49 28 83 16 23 19 44 74 11 24 90 88 41 2 84 26 31 18 91 46 47 57 78 82 7 8 42 80 13 81 64 38 55 79 48 71 95 87 76 1 21 12 32 69 58 98 43 37 10 30 97 33 68 50 15 36 63 5 54 17 67 20 73 52 22 86 72 62 6 70 96 0 29
TEST 8 ARG:5 63 45 64 31 51 41 69 47 87 52 48 46 50 37 44 72 36 89 97 71 16 83 11 40 19 68 33 43 58 91 8 30 3 49 23 77 17 4 65 60 99 55 26 76 67 92 98 61 0 53 78 95 54 82 93 29 18 90 96 38 80 28 21 74 73 1 22 12 59 20 86 7 15 6 13 14 24 39 25 35 70 9 10 32 56 42 34 27 85 75 57 79 84 66 81 62 88 94 2
TEST 9 ARG:21 99 31 36 18 22 89 70 9 40 80 88 54 50 12 64 66 29 2 85 93 3 86 32 91 7 76 83 97 15 23 57 92 68 35 90 81 56 62 84 78 44 72 53 43 55 46 51 0 13 16 79 37 49 38 58 52 41 87 33 17 60 59 47 25 96 1 26 30 67 27 48 98 82 8 94 73 95 75 20 74 14 11 5 34 69 39 10 19 71 42 4 45 61 65 28 24 63 77 6
TEST 10 ARG:52 59 88 74 96 63 38 11 10 92 35 28 20 84 87 49 66 23 32 72 39 71 78 21 67 95 3 53 89 65 26 5 48 36 55 33 83 13 4 34 50 73 1 51 27 85 69 24 12 7 77 8 44 80 45 19 70 9 17 43 94 60 99 91 25 2 56 81 47 22 62 42 82 0 16 14 93 68 18 15 37 86 64 40 97 46 29 76 75 90 30 58 31 54 98 41 79 61 57 6
Multiple size <= 500
TEST 1 ARG:-249 174 -160 22 -52 -101 14 38 169 -219 -112 -72 163 -97 113 -165 178 112 160 222 -230 -177 -155 -248 -64 145 -203 146 -141 -229 -122 151 177 79 -176 -11 102 46 -206 -22 203 -70 -76 -222 93 210 -33 -241 248 -183 -245 229 237 246 -171 199 -109 -201 -126 -128 -226 -175 133 67 -211 184 98 -149 30 39 -148 96 244 -89 -227 225 121 213 182 196 18 83 232 212 -237 63 -74 -224 149 51 226 -191 -45 88 -65 -225 0 19 15 -182 -20 -218 236 224 234 228 -15 -10 66 -104 -99 3 -5 69 -236 -163 190 -120 -16 -246 -81 249 101 -44 134 -13 -85 -156 10 -111 158 114 -217 103 106 167 111 -93 185 162 194 -6 -242 243 76 239 -3 8 -187 -46 241 -215 -87 78 -34 -228 238 115 209 -92 123 23 119 -117 201 223 -132 -239 92 166 -202 -233 -91 -35 68 -57 24 -69 -100 16 -71 77 7 52 -116 -172 -208 206 -167 -169 -135 142 33 99 135 20 148 -134 -192 -1 207 -188 211 159 220 90 -48 120 36 126 -204 95 214 -214 11 193 50 -30 -137 32 -232 -205 29 105 192 168 -247 176 -143 -209 -173 -43 62 143 136 183 56 -133 -59 -28 -51 187 -78 216 118 -124 58 -199 -198 -80 64 -157 42 -54 94 -152 108 -61 153 -164 128 195 139 -200 -9 179 247 144 47 181 -197 -194 -221 53 107 189 73 164 -150 -189 188 -19 -60 87 49 240 -12 -240 -17 127 -110 205 -231 85 -178 -186 37 -7 -23 -161 13 59 75 -190 -181 -123 -207 -145 54 109 -158 -82 91 -159 165 -216 116 81 -67 186 -119 -63 -58 -151 9 -41 -66 71 -31 2 138 43 -129 28 1 -55 -14 -98 125 218 -166 -113 82 -42 80 -88 129 -196 231 -84 -107 -32 -243 55 -94 100 130 61 -47 97 60 12 -77 -36 -212 -21 5 191 -131 -50 -213 172 235 -162 -27 230 84 48 -146 35 25 -40 -29 -108 208 40 -24 131 41 219 -103 -195 157 -244 44 26 -185 65 -73 6 -174 156 152 -39 161 110 137 117 -184 34 -168 -140 17 -118 -56 -105 154 -83 86 -125 -8 -147 -53 -90 -96 -37 -139 122 200 74 -62 -114 31 -210 -49 -234 -180 -223 27 -115 197 -4 -136 72 132 -2 4 215 147 204 -179 -138 227 -95 221 104 -235 -127 -38 -153 -130 217 -18 -75 89 170 -193 -106 180 171 70 202 245 45 -170 -26 -68 -121 -79 -142 -86 141 -250 175 -102 -154 233 -220 -238 150 21 140 173 -144 198 57 124 155 -25 242
TEST 2 ARG:-75 210 160 32 221 131 134 -229 -18 57 -178 -85 -201 222 -154 -149 50 -117 86 -111 212 -57 114 241 176 9 150 -173 128 -33 -83 -115 15 174 -81 182 229 -66 248 91 -70 -135 -171 136 -244 -222 159 233 43 -210 -150 167 125 -44 52 -205 -240 -172 -12 -250 -43 116 -175 74 -105 64 -35 183 -28 -79 -90 144 -182 83 -14 -225 -120 59 -224 169 42 -180 206 -68 140 -36 53 -239 -139 10 -235 178 146 -131 -84 208 62 -246 -97 -126 120 49 -76 5 -15 -54 -73 -82 209 -116 226 -156 -110 -143 194 24 -17 26 33 227 215 20 -91 243 36 3 -55 148 -188 126 -39 -113 29 115 129 30 -223 7 106 -125 -46 -52 -219 184 -146 70 -165 87 189 101 179 197 -21 -145 127 -50 69 104 38 113 -187 158 151 12 -174 -98 -124 92 -242 -191 -236 -220 195 175 -213 -248 45 -241 203 -130 2 -93 80 216 67 14 95 -226 211 55 -10 -193 108 225 -37 63 -127 -132 -230 17 -4 133 72 -138 -215 -8 121 -231 28 41 181 242 -47 66 213 -22 196 235 249 186 4 79 48 19 -30 -60 -34 234 -136 152 -212 228 -32 -203 78 164 -64 163 187 37 237 -99 6 185 -157 -186 75 -109 23 -6 -53 -159 -25 -243 -7 -227 -152 -245 214 -228 192 -209 -176 73 -161 13 201 238 143 -141 157 -192 -184 -71 82 -133 22 94 137 -92 77 -88 -77 8 -86 -155 147 -137 -42 96 141 -63 44 31 -204 -140 -104 -103 -207 103 200 173 -170 -147 124 18 145 -69 112 -166 -106 -217 -168 -19 149 -202 123 -119 -234 180 188 -3 -211 -95 -5 -247 -96 21 190 56 -144 -23 -198 218 -9 154 -181 -87 -183 51 -26 171 -108 198 -199 -214 93 -197 -56 -31 -1 239 -190 89 119 -238 27 -13 138 -200 97 -59 240 -61 156 205 111 -51 16 60 -163 105 -72 88 -221 -65 98 -16 244 -129 -112 142 61 68 202 232 102 85 -162 122 130 223 217 40 -41 -195 -233 -62 135 -102 132 -148 170 -94 220 -29 -208 -123 246 11 155 -177 84 168 -232 153 204 207 -107 -20 -216 109 -121 -118 161 166 193 47 -27 -122 -114 -196 39 -142 162 71 -74 -45 165 76 -237 0 117 -169 -218 100 -158 25 -58 -151 -128 -164 107 -101 172 -48 -134 247 -2 -40 224 81 -80 1 199 191 -160 35 99 -153 118 245 -206 65 -179 -185 -78 -194 -249 219 34 -67 177 -38 46 110 -11 -24 236 139 231 -189 -89 -100 -167 58 230 -49 54 90
TEST 3 ARG:1 -209 210 167 230 -193 72 190 -25 -31 16 -161 -76 -56 62 -126 -163 171 73 196 201 11 -89 -69 124 7 -21 61 -215 160 -160 53 -108 238 87 -67 -63 -116 21 35 -28 157 -228 141 -109 147 -83 -153 220 -237 169 222 170 2 -52 -95 -77 119 -93 -34 -200 208 -96 -232 110 -184 -6 -146 -18 125 88 84 -68 -9 -54 31 22 185 -39 94 89 -87 226 -75 -217 205 32 177 64 -85 234 -73 -113 -80 52 54 -243 -92 104 -154 -49 -133 -207 -51 155 194 -102 -100 189 184 -149 -97 -82 39 -16 18 214 86 -106 -173 14 101 215 142 -248 -210 -208 -120 154 -78 -125 -91 -112 -249 232 42 -139 105 -141 92 -158 13 145 152 96 -171 76 66 103 213 -81 206 -117 -46 -218 241 -183 -19 -72 -211 -187 25 -199 -20 78 -212 -104 -250 150 -247 163 235 191 -213 106 221 51 100 -127 -165 -114 -57 -65 -191 -110 -98 195 140 -111 166 -64 -197 45 -136 188 -11 27 17 229 244 -216 -186 149 139 -181 -5 -101 26 143 102 219 -7 211 -62 111 -170 83 -157 -206 -190 217 12 -35 225 203 175 36 -204 -32 165 -224 174 -131 -132 138 -42 -22 231 -246 23 -177 -122 112 108 3 80 -99 130 49 -188 223 162 -205 123 186 199 -107 236 48 90 41 -240 19 192 -24 -182 109 -4 -227 -150 0 -234 -196 249 95 -121 29 81 57 243 -38 -10 240 -41 179 44 -26 -124 33 187 181 -242 128 107 129 -179 -142 132 38 20 55 -53 -84 216 82 -48 -166 158 67 -198 -222 15 161 68 -12 77 -194 50 -223 -130 -159 -214 34 -17 -143 113 74 202 -233 207 148 -61 -225 -144 -27 -123 -79 -29 -244 -145 182 37 156 5 40 -128 59 -66 183 -3 126 -55 -94 -88 28 -71 -148 118 60 -59 -36 24 209 -43 212 93 43 133 -137 -70 -192 -50 65 -58 227 116 56 -74 144 -241 91 159 -155 -176 -40 245 69 -1 6 -172 200 122 8 47 -156 164 -167 233 -238 -115 63 -140 -33 180 -175 121 127 -14 -221 239 -47 168 -138 -60 120 -8 -202 -129 -189 -169 -174 98 -164 -13 204 248 10 228 242 75 178 172 -178 -168 30 70 -239 246 131 197 153 -236 -151 -30 -195 134 136 71 9 97 99 -235 -119 -147 198 146 -152 -219 79 247 -229 -226 85 46 237 -105 -201 -118 -37 -162 173 137 -86 176 -134 117 -245 -2 -23 151 4 -185 -231 -180 -45 224 193 135 -90 58 218 -15 -103 -203 -44 -230 -135 115 114 -220
TEST 4 ARG:169 -223 -222 23 -56 -6 -215 -104 -228 151 159 -131 71 -166 -88 -24 81 204 178 -172 -38 109 -129 -135 133 128 78 -220 161 80 91 46 111 22 193 240 -216 241 228 -111 -125 123 -74 68 158 32 -192 -106 155 -22 -141 45 119 -73 65 -80 13 -5 -219 -207 170 -76 -200 56 238 120 237 49 -153 107 191 25 154 117 -12 20 -90 -188 11 -212 73 106 -79 -190 -236 166 8 -68 -137 242 177 245 223 52 12 16 -227 -214 30 212 222 9 116 121 135 150 198 -70 82 168 53 139 224 -138 -128 140 -87 -144 188 227 197 108 -61 131 190 31 203 171 -34 86 -159 -233 105 -1 59 -81 -164 -239 146 -249 103 -33 -225 -36 239 233 62 -123 -119 247 -147 -156 -175 -103 205 226 184 63 -158 -28 39 -75 -101 112 -184 -45 213 96 -37 74 -142 92 41 -31 -100 64 -176 -110 -196 234 -95 160 -224 -105 60 -82 129 -20 36 -155 -229 -148 35 -134 70 211 189 -177 165 -112 138 -11 -48 143 196 225 206 79 15 174 69 24 -235 7 217 167 -209 -96 44 5 -66 72 221 93 215 97 -78 -21 -13 75 -91 209 -46 -231 -4 152 -146 -208 29 98 -201 40 -180 -240 229 -26 84 -154 -174 194 -242 -124 -199 -218 -118 -3 54 -53 90 163 14 -72 -197 104 -58 149 -167 -237 2 -143 51 -243 -183 -189 182 183 110 -54 -211 200 -206 -113 17 231 94 -114 -49 -221 -52 -19 -150 -232 156 -99 148 -63 176 113 55 -149 26 -9 164 47 214 -8 192 100 -161 -85 -57 201 -51 219 -203 -178 -127 83 136 187 67 4 -194 -108 -244 -152 -23 -250 125 -116 -71 -179 57 -65 -247 6 -115 50 -16 -14 -193 180 147 -29 -163 -27 -170 77 3 -162 -181 208 -83 -102 172 124 42 -17 -40 134 -35 246 132 173 -69 216 -182 199 130 -77 -89 141 10 -59 -210 -136 102 115 -64 126 87 -169 -157 -44 -15 127 99 249 33 -145 175 43 1 210 179 -186 -39 -130 -191 -41 27 243 162 202 61 -205 38 95 -139 207 19 153 -10 -98 118 181 -42 -168 -140 145 -25 -217 -160 -238 -165 21 85 -185 -173 -195 -126 236 -245 34 -120 -117 144 244 -67 -151 232 -30 -246 186 -84 -86 18 248 66 -241 114 -132 -94 195 -92 220 -93 28 -187 -133 -60 -32 -7 230 89 -62 185 -50 -109 -204 235 -55 58 -107 -2 -230 137 -198 76 142 -202 -234 122 157 88 -122 -213 48 -248 -43 -121 101 -97 218 -171 -18 37 -47 -226 0
TEST 5 ARG:201 -208 88 -212 239 203 -4 -14 83 130 135 -24 -145 -54 234 -74 150 169 -250 -66 -64 -202 -231 -200 -78 -216 40 16 -151 25 -132 103 -197 173 -116 158 -75 153 104 -117 -192 48 164 -38 -86 146 -29 -169 -165 -243 124 161 -220 45 27 -219 -163 -199 -35 195 199 191 -44 56 -198 -193 143 -3 136 -207 -96 14 167 157 129 -36 -249 171 -88 226 139 194 160 180 -58 -47 120 165 -196 -30 43 63 90 0 204 154 9 -63 -218 -149 70 -45 105 -181 -178 -170 50 46 -183 177 64 148 -210 145 166 -51 193 -7 216 -128 35 4 -162 134 111 37 28 -18 -9 -126 57 -62 -161 65 -195 214 235 -6 -10 -230 98 -141 -25 -131 100 -177 94 -49 113 32 -41 -157 206 202 -111 192 -201 186 -204 -225 86 -226 80 -79 2 -150 221 198 159 -239 -187 246 -164 138 174 224 79 -69 -53 -188 118 -180 117 245 97 -94 -91 -139 -144 -174 -211 66 -34 231 -113 31 152 -77 -55 13 -84 -23 -122 -83 -5 -228 1 181 -43 -136 205 -185 91 -232 237 -227 5 29 53 -143 89 142 -147 -118 -92 -60 -242 185 -182 54 -93 95 -130 -173 -209 230 -90 179 172 62 -114 131 -135 188 -40 -95 42 223 238 -87 19 196 178 -76 126 -203 220 -103 102 248 58 -235 -191 96 -46 207 -236 52 -221 -89 -102 60 -73 233 -22 -1 26 -106 -186 -80 -184 175 69 155 74 -176 151 -104 190 182 -20 -97 156 -31 -224 -71 -154 168 183 41 -57 -222 121 -125 -110 -105 112 82 217 244 -179 -241 33 -109 -138 108 -159 76 -246 236 -52 11 -59 140 127 23 -82 55 232 189 10 -21 59 109 170 -70 213 -233 85 -175 137 218 34 184 30 176 -168 -148 -172 75 -28 -19 209 -134 -12 84 -158 243 -129 -120 119 114 -223 47 240 -127 87 3 211 -68 -155 -65 -166 -189 72 92 99 -11 -119 39 116 229 73 -137 93 -26 -100 -101 -48 -194 -215 144 225 -17 -240 -121 -33 77 -42 71 -238 242 -229 36 -217 133 -190 20 149 44 18 -27 -112 210 128 -81 8 -247 -156 200 6 -67 -37 123 -15 132 249 -245 61 78 -108 107 -50 -72 7 241 81 227 -99 -142 38 147 -123 -206 -13 -237 -32 12 197 -152 -214 215 110 -153 -248 21 -85 22 187 17 -167 101 -205 -16 -107 222 228 68 162 125 141 24 208 -39 -2 15 -124 -146 49 -160 51 -140 -171 -133 67 122 -61 212 -115 -56 115 106 219 -213 -244 -234 247 163 -98 -8
TEST 6 ARG:34 231 -243 120 84 -81 -5 210 71 102 -56 -150 -96 203 -163 -125 72 159 92 142 192 -92 67 -52 60 -98 46 23 -4 69 13 -109 173 237 99 -97 199 31 134 -244 141 -214 138 -83 -151 222 -225 -140 -188 118 -80 -246 -200 -89 -37 -103 119 -46 30 -128 127 49 -84 194 61 154 234 -144 163 104 -182 98 -180 9 15 -57 -169 198 -132 -219 -170 55 225 -112 145 48 -167 165 29 232 94 125 -201 -116 239 105 213 -104 228 52 -54 -114 128 74 217 219 140 93 126 -71 129 -190 -141 -193 103 11 -23 28 208 -34 172 -127 -79 -110 51 -28 -177 155 164 57 96 -155 -18 166 -197 -95 -42 168 108 106 -247 77 -134 -195 -171 -203 -236 -204 -215 -87 -224 -133 25 -61 -73 7 -213 42 248 -235 -191 114 247 -234 -74 240 223 38 24 47 90 -26 195 -240 37 184 137 -55 -138 227 150 175 158 -186 -41 -111 -45 107 143 211 -157 -242 246 -154 200 -194 -29 221 -220 -241 -173 101 -68 -2 226 -3 40 -123 197 56 -137 8 -25 59 124 -152 -32 95 79 100 -70 -209 97 -146 122 -8 -212 -99 18 -250 113 -156 157 -82 -86 -142 -184 45 -24 151 -185 -202 -149 -85 26 112 -229 16 111 -20 -75 80 -12 -233 -30 75 -33 161 -115 -49 -139 65 160 241 -162 116 33 229 22 12 -120 188 -43 190 -64 249 -248 220 -50 -16 -239 201 -147 -65 -228 32 -143 183 235 -48 121 115 -166 207 135 -230 -63 -47 110 -113 -88 -130 -118 209 -207 -22 144 -199 89 88 170 -222 233 177 -227 171 146 -11 205 182 -126 -181 245 -245 -198 139 -158 -136 215 -216 66 -38 244 -39 -119 20 243 212 189 130 174 -19 21 -226 191 242 -44 -206 76 -217 -31 70 156 -218 -93 -72 -94 10 -124 169 -160 -66 -122 -174 63 -232 -237 -178 -6 17 -78 132 -51 167 43 -7 -90 -36 -67 -175 14 -172 -100 -15 -189 -58 202 148 -179 85 -223 -108 1 109 -13 147 -1 133 78 206 180 152 -91 81 91 -102 -153 236 -59 36 187 39 224 -208 58 6 0 -69 -62 136 -76 193 -77 -231 83 214 -9 5 62 -249 3 179 -238 -145 117 176 -176 44 -164 -135 162 -27 -205 4 87 -148 86 153 -161 131 238 50 -106 -159 196 35 -10 -211 -210 -107 186 -101 -117 -196 -168 -121 -105 -131 41 -165 -35 178 -60 -14 -129 185 -53 27 -192 -187 181 64 82 53 -183 204 -21 230 -17 54 218 149 -221 73 68 -40 216 2 19 123
TEST 7 ARG:-165 -59 36 -39 -9 97 -244 -147 111 83 2 71 182 -34 193 19 -219 145 -228 216 -26 209 -8 -99 162 -29 -245 127 -230 1 126 -185 -223 -38 -102 -214 169 84 -23 102 149 233 52 -186 180 22 198 245 3 31 -129 -222 156 86 203 -248 99 -212 76 -7 161 -71 -45 124 -184 -2 -115 -85 -109 -179 -144 -189 -237 214 -114 -74 -167 30 210 101 -205 -79 -159 110 18 218 229 -196 40 94 -121 44 -135 -118 204 -22 -70 -48 -25 143 -76 -198 -178 10 185 14 -233 -47 -31 -108 -202 95 -238 153 -15 85 -55 62 43 -195 54 -63 -123 240 129 243 65 -110 -243 -218 -209 98 196 189 -89 147 114 -210 73 -161 68 -69 -199 -33 -190 190 -120 -113 4 -149 109 154 128 -106 160 79 -86 166 -42 -116 47 115 186 -35 51 107 -231 -194 191 195 215 202 -40 -152 75 173 176 70 -112 155 26 59 -65 142 159 -250 -173 113 -200 217 192 -122 -213 28 -117 123 -92 -105 140 -240 174 39 125 164 92 219 -229 134 87 -20 -145 236 77 90 -100 82 66 132 228 200 116 150 -1 13 -50 -18 11 -175 -239 197 -142 25 56 7 -236 -201 69 -235 -46 -172 181 141 -119 144 199 -203 -137 201 29 63 -95 238 222 206 80 -150 -10 -57 -84 131 -98 -41 231 223 172 20 -127 -125 34 207 -140 55 146 -133 130 -24 -77 -14 -153 -188 -191 64 42 -103 220 46 122 -94 108 -148 188 72 247 67 91 17 -221 234 -206 -151 5 -143 -169 177 -157 -44 -180 -171 -96 -32 -154 226 58 -141 -19 -208 -217 -111 -80 100 183 -72 -234 33 -60 -163 112 -54 -220 78 241 -3 -73 -247 -181 49 -204 -182 117 232 -226 -58 163 9 211 81 -75 168 88 -215 60 118 -51 227 45 -131 38 -90 0 -136 212 41 -211 -227 -88 -52 170 -134 35 213 -67 106 6 119 239 96 -156 -197 167 -177 -168 -62 225 -61 -82 -5 -11 187 -16 171 235 -87 16 93 -12 -132 -130 249 89 -13 179 53 -64 8 -174 -128 208 -126 224 -93 -193 -6 -139 48 139 -83 136 -104 -17 -28 61 -43 165 230 -36 135 37 -107 137 12 -216 -241 138 -81 248 32 24 -155 23 -246 104 148 -30 178 -158 21 -162 205 -4 -146 -192 -66 244 -164 237 -249 -78 105 -176 158 -27 57 -101 246 -53 151 103 -225 221 -56 -232 133 -21 -183 -170 152 -91 74 -37 -166 242 120 -224 121 -160 184 15 -97 27 50 194 -124 -187 -242 -68 -138 157 -207 175 -49
TEST 8 ARG:-155 69 12 248 -216 -236 -149 132 195 -159 -240 135 -127 185 108 189 89 246 94 112 127 -150 -195 180 -60 -221 137 62 121 224 -248 161 173 -44 149 -249 190 -68 197 50 244 82 63 -185 -189 -210 139 -77 240 -123 20 175 140 76 213 -199 35 -104 -35 -18 38 111 -220 186 54 64 -74 21 11 -90 74 -72 92 86 203 -39 -16 8 217 211 -146 -83 219 99 29 -205 5 -55 241 -169 238 -97 -36 -93 198 107 -91 -54 -20 109 -246 -108 114 -241 19 -1 -99 16 -250 -194 85 -180 -26 181 -22 -43 87 -101 36 119 -176 -174 202 133 30 206 151 -215 -145 -125 26 -109 191 -66 28 -106 208 145 95 -78 -98 -183 -165 43 234 229 61 123 -4 -87 117 -114 -56 3 230 -135 -14 146 -95 142 18 116 -242 13 -6 -34 46 -92 39 -32 100 216 152 227 -181 -219 7 -89 77 -227 -45 -5 79 243 -19 -147 245 -48 -111 56 -161 104 -142 -112 -116 177 2 -223 -151 -2 -85 96 -37 -137 -226 106 222 52 170 221 22 59 236 -179 68 235 -162 174 171 -51 162 -129 -117 83 150 -152 67 -3 -29 25 131 -17 -122 -136 183 212 -230 -143 223 6 32 -124 -172 33 -47 -21 91 -103 200 65 193 -178 -139 44 34 -38 -245 122 124 4 -58 105 51 58 -105 -188 -239 97 -30 199 144 201 -28 9 129 80 -65 90 -84 -46 -126 10 232 220 31 -192 -197 -235 98 -212 84 -184 -7 -40 -80 49 -132 -158 -213 -207 215 -70 -42 45 -167 -130 -229 -25 -133 169 -187 -177 -156 209 -153 207 242 -75 -121 -71 -214 -160 118 -96 -59 233 182 -164 -231 153 249 -23 71 40 47 55 -94 163 247 -100 60 -53 165 -31 -238 103 27 -201 75 -27 -157 228 17 -196 138 -138 -140 -50 134 239 194 -33 157 66 214 48 -203 210 -131 125 0 184 -119 -234 188 178 -107 -69 -110 -224 101 -62 72 231 160 -200 120 -86 -41 167 -148 -113 237 -244 -11 -81 -209 -166 -118 154 164 -102 -175 -79 -233 -168 42 -232 226 -211 -13 128 102 -82 -134 -173 -202 196 23 -120 -154 78 155 136 -64 -67 -247 115 -243 -204 -10 37 81 143 -198 -218 126 -49 73 110 -191 166 -190 159 -57 -12 172 148 -144 -171 179 88 -228 168 -182 -15 113 -9 -141 -193 -170 -61 -217 158 -115 -128 176 156 -88 -52 141 187 53 -163 -63 -76 -73 204 -8 93 24 192 -186 147 205 41 218 -208 -225 14 -206 70 57 225 -222 15 130 1 -24 -237
TEST 9 ARG:58 16 132 -215 -78 -70 207 -210 -182 -135 42 22 215 135 -148 28 123 69 11 92 239 153 246 97 -228 34 -18 101 -250 -184 173 216 40 -115 -232 -121 -62 -214 -24 29 240 -243 189 128 -185 247 -234 137 -66 -142 166 -170 -217 64 -133 111 -27 194 181 35 244 -35 82 -118 -225 209 -113 -114 52 -29 -154 208 -111 199 -15 -42 117 -127 159 249 141 -74 -222 78 184 72 175 93 -195 -116 -83 223 -112 -110 2 193 172 -13 -58 73 -126 -17 -11 -165 74 98 204 -191 65 -224 -216 205 127 62 134 230 66 -202 27 53 107 -68 -75 -105 -193 -149 124 -159 49 -50 185 237 225 -93 20 -197 -51 235 -176 -96 23 -7 224 86 218 59 -72 126 -49 -55 18 -34 -171 87 50 188 -33 118 219 95 234 71 -47 30 43 46 -85 -84 39 179 -1 129 105 -205 -12 -119 0 -181 169 -63 -8 67 -56 -245 -21 241 106 232 -44 147 81 -236 -189 -53 -19 229 248 -69 243 -204 -190 210 186 121 -153 -163 122 41 33 13 76 -89 -227 -10 -231 80 -194 125 -164 160 55 100 -97 -57 37 -180 233 214 -39 -82 1 88 -174 139 -212 -235 -45 -196 -132 115 -188 213 221 -88 21 -141 -3 -223 242 203 -239 -117 -136 -200 32 -43 -80 198 170 -249 44 -123 217 -41 143 -104 -161 26 133 45 201 -220 36 75 -30 51 -124 -144 -143 -226 -128 -102 -106 -187 -99 -186 61 79 -248 -16 -203 196 167 226 63 77 130 68 163 -107 174 -100 -26 236 -61 -147 102 200 -240 -91 227 -76 -241 -244 146 -145 192 -162 104 220 161 -20 -230 -233 187 228 -229 24 -103 38 -52 -166 -4 -36 -73 -71 202 -31 -134 151 -9 -221 138 109 -92 -192 190 177 56 -169 -138 -246 31 -158 164 231 84 -199 -130 -156 -95 -90 -209 -2 -177 -46 180 -25 191 5 17 113 7 -218 -151 -87 -101 150 152 -37 -6 -120 103 168 -139 120 165 14 10 222 -28 -198 -60 -211 -81 -155 -150 136 154 -219 -22 -160 -109 -38 -173 110 -206 183 157 90 -131 -48 9 197 -167 -67 -172 108 -168 -207 -140 -98 176 47 245 19 -247 70 12 83 145 131 94 -237 -183 85 -146 -94 48 96 6 -40 -14 -77 206 -157 -152 -64 140 -59 212 25 144 158 -122 3 -201 119 -5 -175 -137 142 -65 238 -238 155 -242 15 211 178 -32 162 60 -125 112 -23 156 -86 116 -54 -213 -129 8 148 99 57 195 54 -108 171 91 114 -179 -79 182 -208 89 4 -178 149
TEST 10 ARG:-230 242 7 -60 92 216 -55 -239 31 44 -238 -49 189 -22 36 53 54 118 60 139 -9 61 -21 181 156 -249 -119 -69 175 -203 163 202 -192 148 -128 119 230 -104 28 -198 198 135 -116 -106 79 -152 -164 101 -10 -64 -68 -201 -4 -137 225 -98 99 -23 160 39 80 191 -5 121 224 -211 -184 194 209 -146 -179 -195 -103 -40 -210 75 74 -158 2 -87 89 120 179 137 -65 -177 64 206 -8 159 140 -58 248 -205 126 228 14 170 -145 19 -25 45 -171 -160 -26 20 21 -63 -163 -17 66 38 83 -67 -241 183 143 -12 -34 -242 -172 -57 -6 -136 221 -166 114 213 -138 -188 -217 144 238 117 90 72 -139 -157 190 -221 107 211 -130 -1 -178 -94 193 232 -29 197 -91 226 63 -134 243 110 -165 154 -79 77 171 -15 78 130 145 -117 168 -182 -190 88 -120 13 186 212 -220 -245 169 87 -148 58 112 -140 210 166 -161 152 149 167 -62 -244 -89 -181 -97 93 65 -197 223 -202 95 15 22 18 165 -83 -191 -215 34 -135 -86 -196 204 -233 -224 239 133 132 42 113 104 -237 12 157 -72 -45 17 -70 -80 125 -175 -46 6 109 -151 -18 -96 -54 -108 203 180 -246 27 -228 -50 16 -173 -223 249 49 124 235 215 9 231 -167 -24 -35 -27 -227 122 199 41 -110 -209 -112 -36 244 94 -229 245 -200 100 -180 -162 -168 -219 -213 -66 178 161 -154 131 -92 227 -11 -99 246 81 -125 196 -14 201 -156 -16 -248 234 -170 -133 111 -42 24 147 -100 -88 -235 102 -76 -129 57 -44 176 -144 -2 162 174 185 -47 -38 -143 192 150 -185 233 -61 217 98 105 -194 -193 -109 -20 -218 11 55 134 23 -147 35 138 158 -13 -234 -231 1 50 70 229 173 151 -240 -77 -122 -155 188 -149 -19 -85 -236 237 -73 -71 -51 -121 -247 -105 -56 68 177 46 172 127 -183 -84 -189 -90 91 -232 182 -102 -111 241 -225 184 73 -208 146 96 116 -222 218 30 59 214 -186 69 -174 247 164 47 -59 29 -153 222 -226 -243 -214 -113 37 -131 40 207 -159 -37 67 -28 153 -127 -7 8 103 -33 -53 97 -176 -74 240 208 -115 108 0 106 -32 33 10 -39 236 -126 71 85 -81 -101 4 76 155 -118 -31 115 3 25 141 -216 142 136 200 86 -82 -114 -150 5 -132 -207 -78 -43 -107 129 -30 -199 205 51 -204 187 220 32 26 -206 56 -93 -250 52 -48 195 -212 -187 123 219 48 -123 -41 43 84 -141 -52 -3 128 -124 -95 -169 62 -75 -142 82
All size test
TEST 1 ARG:2 1 0
TEST 1 ARG:3 1 0 2
TEST 2 ARG:0 2 1 3
TEST 3 ARG:2 3 1 0
TEST 4 ARG:3 2 0 1
TEST 5 ARG:2 0 3 1
TEST 1 ARG:2 4 3 0 1
TEST 2 ARG:3 0 2 1 4
TEST 3 ARG:1 0 4 2 3
TEST 4 ARG:2 4 1 3 0
TEST 5 ARG:4 0 1 3 2
